857.5843992960605 112.99779396617404 337.66939396164963 449.47075387607896 201.01349927913225 925.3760433635919
558.8731713210568 532.8181430114322 969.9970280239158 982.7005583588943 442.9053924794324 554.8934164329318
810.6943181788893 122.47780632470796 295.0140565196696 570.2218478863944 669.112815451449 741.4536513044275
575.8834300486506 41.229100753017555 115.91214155777973 932.7175659108002 880.3985103542724 836.588063516179
824.5684066249512 286.29046369329416 288.7392672360315 165.61940514666173 715.0359785328909 570.0185694906272
216.05071993364066 718.8241091735609 91.12911634394783 264.2181615337791 780.8586568666638 260.9042007997128
625.7990924111908 736.3106287155013 982.3366335795461 76.87223277826783 170.39306598477023 392.18042180569
597.9901406165864 358.8462559550685 922.2842731992591 431.2862520589291 151.08124920812415 1.368654340167641
949.6378772236457 944.4470632690087 129.3746006913903 365.0512343358068 274.43310772057725 233.18939913074388
442.9229566352443 421.04994238586244 937.9026754240804 888.2196729228735 439.79868269426834 269.23025519012276
